0.831806 0.0964453 53858.7
0.886827 0.0960615 50517.2
0.684441 0.0728565 49500.2
0.69357 0.0728865 48848.7
0.883086 0.0730475 38365.5
0.57916 inf 58498.6
0.730353 0.0730172 46388.5
0.943525 0.0730475 35907.9
0 0 26987.8
0 0 27012.5
0.788512 0.0514743 28585.5
1.08284 0.819672 336893
1.44225 0.85921 252937
0.912013 0.561439 285522
0.899203 0.560588 289590
1.05767 0.56206 246201
0.756565 0.56082 344187
1.11593 0.561439 233347
1.37741 0.561439 189051
0 0 2.56529e+06
0 0 2.9852e+06
1.12055 inf 195976
1.3301 2.19805 2.2076e+06
2.01551 3.13217 1.45686e+06
1.02497 2.18754 1.97922e+06
1.01373 1.45823 2.00117e+06
